v = [100.663350928019
94.3718914950174
88.8206037600164
83.8861257733488
79.4710665221199
75.4975131960139
71.9023935200133
68.6341029054672
65.6500114747947
62.9145943300116
60.3980105568111
58.0750101507799
55.9240838488992
53.9267951400099
52.0672504800096
50.3316754640093
48.7080730296864
47.1859457475087
45.7560686036448
44.4103018800082
43.1414361120080
41.9430628866744
40.8094665924400
39.7355332610600
38.7166734338533
37.7487565980070
36.8280552175678
35.9511967600066
35.1151224167507
34.3170514527336
33.5544503093395
32.8250057373974
32.1266013600059
31.4572971650058
30.8153115085771
30.1990052784056
29.6068679200055
29.0375050753900
28.4896276211373
27.9620419244496
27.4536411621869
26.9633975700050
26.4903555073733
26.0336252400048
25.5923773545810
25.1658377320046
24.7532830150865
24.3540365148432
23.9674645066711
23.5929728737544
23.2300040603120
22.8780343018224
22.5365711032877
22.2051509400041
21.8833371582649
21.5707180560040
21.2669051256377
20.9715314433372
20.6842501906887
20.4047332962200
20.1326701856037
19.8677666305300
19.6097436872763
19.3583367169266
19.1132944800035
18.8743782990035
18.6413612829664
18.4140276087839
18.1921718544612
17.9755983800033
17.7641207520033
17.5575612083753
17.3557501600032
17.1585257263668
16.9657333024750
16.7772251546698
16.5928600430800
16.4125028686987
16.2360243432288
16.0633006800030
15.8942133044240
15.7286485825029
15.5664975661884
15.4076557542886
15.2520228678816
15.0995026392028
14.9500026130721
14.8034339600027
14.6597113001969
14.5187525376950
14.3804787040027
14.2448138105687
14.1116847095353
13.9810209622248
13.8527547148649
13.7268205810934
13.6031555308133
13.4816987850025
13.3623917161087
13.2451777536867
13.1300022949589
13.0168126200024
12.9055578112844
12.7961886772905
12.6886576800023
12.5829188660023
12.4789278009940
12.3766415075433
12.2760184058559
12.1770182574216
12.0796021113622
11.9837322533355
11.8893721568526
11.7964864368772
11.7050408055836
11.6150020301560
11.5263378925212
11.4390171509112
11.3530095031600
11.2682855516439
11.1848167697798
11.1025754700020
11.0215347731407
10.9416685791325
10.8629515389948
10.7853590280020
10.7088671200020
10.6334525628189
10.5590927546873
10.4857657216686
10.4134500960019
10.3421250953444
10.2717705028590
10.2023666481100
10.1338943887267
10.0663350928019
9.99967062198860
9.93388331526499
9.86895597333515
9.80487184363817
9.74161460593728
9.67916835846332
9.61751760458776
9.55664724000176
9.49654254037911
9.43718914950174
9.37857306782782
9.32068064148320
9.26349855165815
9.20701380439194
9.15121372072896
9.09608592723059
9.04161834682801
8.98779919000166
8.93461694627384
8.88206037600164
8.83011850245777
8.77878060418767
8.72803620763167
8.67787508000160
8.62828722240159
8.57926286318340
8.53079245152700
8.48286665123752
8.43547633475016
8.38861257733488
8.34226665149325
8.29643002153999
8.25109433836218
8.20625143434934
8.16189331848799
8.11801217161440
8.07460034181967
8.03165034000148
7.98915483555703
7.94710665221199
7.90549876398051
7.86432429125145
7.82357649699626
7.78324878309422
7.74333468677066
7.70382787714428
7.66472215187959
7.62601143394080
7.58768976844361
7.54975131960139
7.51219036776258
7.47500130653603
7.43817864000137
7.40171698000136
7.36561104351355
7.32985565009844
7.29444571942163
7.25937626884749
7.22464241110181
7.19023935200133
7.15616238824776
7.12240690528433
7.08896837521257
7.05584235476765
7.02302448335013
6.99051048111240
6.95829614709806
6.92637735743247
6.89475006356292
6.86341029054672
6.83235413538588
6.80157776540666
6.77107741668286
6.74084939250124
6.71089006186790
6.68119585805433
6.65176327718184
6.62258887684333
6.59366927476104
6.56500114747947
6.53658122909211
6.50840631000120
6.48047323570935
6.45277890564222
6.42532027200118
6.39809433864525
6.37109816000118
6.34432884000117
6.31778353104719
6.29145943300116
6.26535379220032
6.23946390049702
6.21378709432213
6.18832075377163
6.16306230171542
6.13800920292796
6.11315896323999
6.08850912871080
6.06405728482040
6.03980105568111
6.01573810326804
5.99186612666777
5.96818286134497
5.94468607842629
5.92137358400109
5.89824321843859
5.87529285572093
5.85252040279178
5.82992379891999
5.80750101507799
5.78525005333440
5.76316894626060
5.74125575635087
5.71950857545560
5.69792552422747
5.67650475157999
5.65524443415835
5.63414277582193
5.61319800713858
5.59240838488992
5.57177219158774
5.55128773500102
5.53095334769333
5.51076738657036
5.49072823243738
5.47083428956623
5.45108398527176
5.43147576949740
5.41200811440960
5.39267951400099
5.37348848370206
5.35443356000099
5.33551330007166
5.31672628140943
5.29807110147466
5.27954637734363
5.26115074536682
5.24288286083430
5.22474139764802
5.20672504800096
5.18883252206281
5.17106254767219
5.15341387003508
5.13588525142952
5.11847547091620
5.10118332405499
5.08400762262720
5.06694719436335
5.05000088267652
5.03316754640093
5.01644605953581
4.99983531099430
4.98333420435735
4.96694165763249
4.95065660301731
4.93447798666758
4.91840476846996
4.90243592181909
4.88657043339896
4.87080730296864
4.85514554315202
4.83958417923166
4.82412224894658
4.80875880229388
4.79349290133422
4.77832362000088
4.76325004391255
4.74827127018955
4.73338640727360
4.71859457475087
4.70389490317844
4.68928653391391
4.67476861894823
4.66034032074160
4.64600081206239
4.63174927582907
4.61758490495498
4.60350690219597
4.58951448000085
4.57560686036448
4.56178327468362
4.54804296361530
4.53438517693777
4.52080917341401
4.50731422065755
4.49389959500083
4.48056458136581
4.46730847313692
4.45413057203622
4.44103018800082
4.42800663906240
4.41505925122888
4.40218735836816
4.38939030209383
4.37666743165298
4.36401810381583
4.35144168276737
4.33893754000080
4.32650505421283
4.31414361120079
4.30185260376148
4.28963143159170
4.27747950119059
4.26539622576350
4.25338102512755
4.24143332561876
4.22955256000078
4.21773816737508
4.20598959309270
4.19430628866744
4.18268771169052
4.17113332574663
4.15964260033135
4.14821501077000
4.13685003813775
4.12554716918109
4.11430589624054
4.10312571717467
4.09200613528531
4.08094665924400
4.06994680301962
4.05900608580720
4.04812403195785
4.03730017090984
4.02653403712074
4.01582517000074
4.00517311384689
3.99457741777851
3.98403763567356
3.97355332610600
3.96312405228420
3.95274938199026
3.94242888752031
3.93216214562572
3.92194873745527
3.91178824849813
3.90168026852785
3.89162439154711
3.88162021573336
3.87166734338533
3.86176538087028
3.85191393857214
3.84211263084040
3.83236107593979
3.82265889600071
3.81300571697040
3.80340116856493
3.79384488422181
3.78433650105333
3.77487565980070
3.76546200478872
3.75609518388129
3.74677484843742
3.73750065326802
3.72827225659328
3.71908932000069
3.70995150840363
3.70085849000068
3.69180993623540
3.68280552175678
3.67384492438024
3.66492782504922
3.65605390779728
3.64722285971082
3.63843437089224
3.62968813442375
3.62098384633160
3.61232120555091
3.60369991389088
3.59511967600066
3.58658019933558
3.57808119412388
3.56962237333399
3.56120345264217
3.55282415040066
3.54448418760629
3.53618328786950
3.52792117738383
3.51969758489575
3.51151224167507
3.50336488148557
3.49525524055620
3.48718305755261
3.47914807354903
3.47115003200064
3.46318867871623
3.45526376183130
3.44737503178146
3.43952224127626
3.43170514527336
3.42392350095301
3.41617706769294
3.40846560704352
3.40078888270333
3.39314666049501
3.38553870834143
3.37796479624223
3.37042469625062
3.36291818245051
3.35544503093395
3.35544503093395
3.36291818245051
3.37042469625062
3.37796479624223
3.38553870834143
3.39314666049501
3.40078888270333
3.40846560704352
3.41617706769294
3.42392350095301
3.43170514527336
3.43952224127626
3.44737503178146
3.45526376183130
3.46318867871623
3.47115003200064
3.47914807354903
3.48718305755261
3.49525524055620
3.50336488148557
3.51151224167507
3.51969758489575
3.52792117738383
3.53618328786950
3.54448418760629
3.55282415040066
3.56120345264217
3.56962237333399
3.57808119412388
3.58658019933558
3.59511967600066
3.60369991389088
3.61232120555091
3.62098384633160
